        1 
01 1     0
 1    1   
    0 1  0
          
       1  
1         
 00    0 0
  0     1 
0    1 0  
---
65 8 4 1 1 0 0 
tab.diff= 5
0    0 0  
01 1  00  
          
 0 1      
     0 0 0
11        
      1  0
    1 1   
 1       1
 00    0  
---
65 5 1 2 3 0 0 
tab.diff= 5
        0   
   11    1  
     0   1  
    0  1   1
   1  0    0
  1      1  
    1       
1  01      1
 0     1  11
  1  0   0  
 00     1   
0     1   0 
---
95 8 3 4 1 1 0 
tab.diff= 6
       00 1 
  1   0   00
     1 1    
 0         0
       11   
10  1       
10 1 1     1
       1 1  
   1       0
 11 1 0 0 0 
1          0
   1 10     
---
88 7 7 3 3 0 0 
tab.diff= 5
     11 1 
          
 1 1   0  
0    0    
0       0 
       1  
 1 1  0  1
0         
   1 1 1  
  0 0   0 
---
65 8 2 1 2 0 0 
tab.diff= 5
          
0 0   1   
        11
 1     0  
01   0    
    1    1
 00  0 0 0
       0  
          
0 0  11   
---
71 4 2 0 1 0 0 
tab.diff= 5
 1  1      0
    11  1   
     1      
1  1    00  
1   0 0    0
   1     1  
    0 1    1
  0    0  0 
 0 0       1
        1   
     11     
         00 
---
102 9 1 0 1 0 0 
tab.diff= 5
  1     0   
 0  1 0     
         1 1
  1   1  11 
   1   0    
1 11  1 1   
     0   0  
 0     1  00
  1         
 0      0 1 
    0     10
0    0      
---
100 6 3 1 1 0 0 
tab.diff= 5
    0     
 00    0  
 11  0  1 
      1   
  0     00
 0 1  0   
       1  
0 0       
 1     1 1
  0    1 1
---
63 10 2 0 1 0 0 
tab.diff= 5
  0       
          
    1  0  
 11 1 1  1
        00
1         
    0     
  1  0   1
   0  1 0 
      1   
---
69 4 1 5 2 0 0 
tab.diff= 5
 0  1 00   1
       0  1 
00          
  1 11    1 
0       11 0
1           
 0  1    1  
11         0
   0     1 0
 1  10 1    
1    0     0
1           
---
91 9 3 4 2 0 0 
tab.diff= 5
   0  0  0  
            
0       1   
          1 
 1  0   00 0
       0   0
            
  0    00   
 0   0      
 00    1  1 
      0     
 11 0  1   0
---
99 7 1 7 2 0 0 
tab.diff= 5
  00      
 0 0 1 1  
 0        
0       00
          
  0       
   1 1   0
     0 1  
 0    0  0
 0 0    1 
---
65 9 2 1 1 0 0 
tab.diff= 5
11    1  0
    0 0  0
   1      
   1 1    
      0   
1 1 0     
     11   
  0    0  
  1 0 0   
          
---
63 8 2 2 3 1 0 
tab.diff= 6
  1   1  1  
     1 1    
    0 1  1  
 1  0   11  
1 0   0   1 
     1  0   
    0 0  0  
  0       01
 00   00    
         1  
0    1    0 
  1 0      1
---
99 5 1 4 0 0 0 
tab.diff= 4
  11  0 1   
         0 0
 00         
     0 1 1  
   11 0   1 
 01      0  
   0   1    
    1     00
1    0      
 0  1  11  1
1 1       00
    0 01    
---
94 7 3 1 1 1 0 
tab.diff= 6
     0    
1  1   1  
    1    1
00 0      
   0      
 0  1     
    11 0  
 1 0      
  0    0  
1        0
---
70 6 1 0 2 0 0 
tab.diff= 5
   1     0
     0    
   0 00   
0     00 1
0        1
          
    1    1
 10  11   
    1 1 1 
 1 1     1
---
65 8 2 0 1 0 0 
tab.diff= 5
 0     1  1 
   1    0   
   1     1  
    0     00
            
 1    0     
  0   0   0 
  0    1 1 1
     01 1   
0 1         
 0       0  
  0  10   1 
---
107 4 0 3 0 0 0 
tab.diff= 4
       0   0
11 11     1 
 1  11      
     1     0
1     11  1 
  0       0 
         1  
1       1   
0     1     
     1     1
        11 1
  0 1 00 0  
---
91 7 9 3 1 0 0 
tab.diff= 5
 11    11 
  1   0   
          
 0   1    
   0   0 0
  1 1    0
 1     1  
     01   
   11 1   
0         
---
65 6 1 4 2 0 0 
tab.diff= 5
11 0 0    
  0   1  0
   1   0  
         0
00  1     
          
11       1
   1  0 11
       0  
1 0  1    
---
70 1 2 0 2 1 0 
tab.diff= 6
  0      11 
1  10     0 
1  1    1   
    0 1 1  1
   1        
 1  0   1  0
   1    1   
  1   11  0 
            
  11    0 0 
1    0 0  11
       1   1
---
96 6 3 2 1 0 0 
tab.diff= 5
0  00       
   0   00  0
    0  00   
0           
   0   0  1 
0   1  0    
0     1    0
  1         
     00 0   
 01       00
       0    
  00      0 
---
97 6 4 3 2 0 0 
tab.diff= 5
0        1
     1 0  
   1   00 
 11       
1   0     
   1   0 1
  1 01  01
0 1       
 1    00  
0  1      
---
61 7 3 1 2 0 0 
tab.diff= 5
 1 1  0   
   0   1  
  1    11 
  1       
 0    0 0 
 0 00     
  0       
0 0  00  1
          
      0  1
---
72 2 0 1 1 1 0 
tab.diff= 6
0     11  1 
 0        1 
   1   1    
10    1     
1 1 1  1 0  
    1 01   1
           1
0    0    0 
  01 0    00
   1        
1        1 1
 0 0        
---
91 7 7 3 1 0 0 
tab.diff= 5
            
  10   1  1 
      01   1
 0  1       
   1   10 0 
1      1    
  11 0  0 1 
    0     0 
 1 1        
 1  1       
  0  0   0  
 0    0    0
---
95 7 9 0 1 0 0 
tab.diff= 5
 1 00     
     1 0  
 0 1  0   
 00       
    0    0
          
1 0   1  1
    0   0 
     0 1  
0 1    11 
---
60 9 2 0 4 1 0 
tab.diff= 6
1 1      1
1 10      
    1  0 1
1    0   1
  0   1   
      0   
 1 1    00
  1  1 1  
      1   
1  0      
---
65 1 3 4 1 1 0 
tab.diff= 6
   1 0 0 1  
0       0  0
   0  0   0 
0  01     0 
0   1 0 1   
        1   
0    1      
           1
1      1  01
 0    0     
  1   0    1
  1     0   
---
101 7 2 0 1 0 0 
tab.diff= 5
  11 0    11
0        0  
        1   
1    1   1  
    0  1   0
  1 0   1   
   1  0  0  
          1 
    1   0   
          1 
  00     0  
     1      
---
103 6 1 5 1 0 0 
tab.diff= 5
     1  1 
11    0   
 1 1      
0        0
    0 0  0
          
1  1  0 1 
0         
 1        
0 0    0 0
---
61 5 3 5 2 1 1 
tab.diff= 7
   1     1
    0    1
11     1  
 0        
   11     
0 0  0   1
   0  0 1 
  0 0 1 0 
         1
0   0  1  
---
54 9 3 5 4 0 0 
tab.diff= 5
   1   0  00
      0  10 
 0          
    1     0 
 1       0  
 0 0 0      
1         00
   0   0    
 1   1      
0     1 10  
 1  0 00  11
   1 1      
---
92 8 3 1 4 2 0 
tab.diff= 6
         1  
 1 0  11    
  1       00
    0    0  
 0     11  1
   1 00     
 0  1       
1 0   1 0   
    0       
00        1 
  1        0
   1  1 1 1 
---
100 6 0 2 3 0 0 
tab.diff= 5
  0       
1     11  
 0    1   
       0  
  00 1   1
0       1 
          
 0    1   
 0 0  1 00
0   1  1  
---
65 6 1 2 3 0 0 
tab.diff= 5
0 0  1 10 
        1 
 1    0   
  1  1   0
   0      
 0   11   
1   1     
1  0 0 1  
  0  0    
    1   1 
---
66 6 0 1 2 0 0 
tab.diff= 5
00       0  
    01     1
 0    11  0 
01  1       
    10  1  1
  1  1     1
       01 1 
0      1 0  
   11     1 
   1       1
0    00 1   
  0   0 0 0 
---
95 6 1 3 0 0 0 
tab.diff= 4
 10    1    
  0   11    
 1  1     1 
1  1  0 0  0
 0      0   
1     0     
 0        1 
         1  
       0    
0   10  0   
  1  0  00  
    1    0  
---
99 8 4 0 1 0 0 
tab.diff= 5
          
1    0   0
  11   0 0
        1 
   11     
1         
1  1  01  
  0 01    
  0    10 
    0 0   
---
72 2 1 0 2 0 0 
tab.diff= 5
1 1       
 0       1
    1  0  
 10  01   
  0       
    11  1 
  1       
0       1 
 0  1 0   
1     0  1
---
67 5 2 1 1 1 0 
tab.diff= 6
 00     0 1 
            
1  11     0 
1 0 0 0  1  
            
         0 0
1   1       
   0   1 1 1
  00  11 1  
            
1          0
   0 0 00  0
---
97 7 5 0 2 0 0 
tab.diff= 5
     1  1 1 
 00 0  0    
       0  1 
     1   0  
 00 0     1 
 0      1   
   0 0  1   
   10 0   11
0       1   
      1  0  
 01  0     0
 01       0 
---
88 10 5 3 2 0 0 
tab.diff= 5
       1  
   11     
  11  0   
         1
        0 
1     11 1
      1   
 0 1   1  
 0       1
     0   1
---
65 7 6 0 2 0 0 
tab.diff= 5
0  0 0    
1 1       
 0    1 1 
1   1 10  
 1       1
   0      
 1 0    1 
0       1 
          
  00   0 1
---
65 6 3 0 2 0 0 
tab.diff= 5
 11 1    1  
 1        0 
      1    1
     1    0 
1       0 0 
   0        
1   0    10 
   10 0  1  
0 0   0    0
    1   0   
11    0     
          0 
---
95 8 5 4 0 0 0 
tab.diff= 4
       00 1 
  00        
      0 0 1 
    1     1 
    1       
   0  0 1 0 
 1  1   1   
       0   0
1   0      0
    0  01   
 00    0    
  0     0 1 
---
98 5 5 1 2 1 0 
tab.diff= 6
 1     0  
 0 0  1   
1 0       
        0 
 0      0 
  1 11    
       0  
    11 0  
1 1 1    0
1 0  1   0
---
66 6 3 0 0 0 0 
tab.diff= 3
      0  1
 1  0  1  
      1   
00   0  0 
 0  1     
   0    11
     0   0
 1    11  
 00      0
          
---
69 4 3 1 0 0 0 
tab.diff= 4
 1  1 1     
1      1 01 
   1        
0 0   1   0 
        0   
  0    0  00
 1  11    1 
  0    0    
     00 0   
        11  
 11      1  
0   11 0    
---
94 6 3 3 3 0 0 
tab.diff= 5
 1    0 1   
            
0 0 0 1  1 0
   11       
1       1  0
           0
   1 1 1  0 
   00       
 1        11
 1    1   1 
      1    0
  0     11  
---
93 8 5 4 1 1 0 
tab.diff= 6
    0 1  1
        11
 1  01    
       1  
 1  00    
1     1   
   0    1 
1         
 0        
1  1   0 1
---
63 4 3 6 1 1 0 
tab.diff= 6
   1    0 
          
00        
     1    
      1   
 00     0 
  0       
   1 0  0 
    0 11  
 1     1  
---
67 8 2 2 3 0 0 
tab.diff= 5
    00   00 
  1      0  
1   0       
  1       0 
       0 1  
11          
  0   0 0  0
 1       0  
 0  11  1   
      10 0  
1           
  00        
---
104 6 2 0 2 0 0 
tab.diff= 5
    00  0 00
 0          
  1 0    01 
 0          
1  1    1  0
     0 01   
    0       
 1    0  1 1
0 1  00     
       1  10
    1       
1         1 
---
104 4 1 0 2 0 0 
tab.diff= 5
       1 0
0     1   
   00     
   1   00 
  0  0    
 1 1  1  0
   00     
       00 
        0 
1   1     
---
68 6 1 2 1 0 0 
tab.diff= 5
     11   
  1       
 1    0   
  0 0   0 
      11 1
         1
        1 
 1  11   1
0 0 0  01 
        1 
---
71 3 2 0 1 0 0 
tab.diff= 5
   00       
 1  0  1    
     1   1 0
1   0       
1      0   0
  00  1    0
     11  0  
1 1 0       
      0 1 0 
     0     1
  0      1  
 1    1 1  0
---
98 8 4 0 0 0 0 
tab.diff= 3
1 0    00 1 
 1   1  1   
    0  0    
          0 
 0   0 1 1  
         1  
0  0 1      
   00       
           1
 1   1     1
      1     
1   0  0 11 
---
87 8 2 9 6 1 0 
tab.diff= 6
  0  0    
   1      
      00  
 1  1     
      0  0
     1  1 
  0   0   
  0    1  
0      11 
      0   
---
73 2 2 1 3 0 0 
tab.diff= 5
 1   1    
       1  
1       0 
        1 
   0      
  10     1
  1   0 11
      00  
0  11     
        1 
---
70 7 1 0 2 0 0 
tab.diff= 5
  1   0     
 0 11  00   
0           
 1       1 1
   00   0   
0 1       0 
 1  1    1  
         1  
     1    0 
0       0 0 
  11   1    
     1 1   1
---
97 6 6 1 2 0 0 
tab.diff= 5
  0  00 1   
 1      1   
   11       
  0     11  
 0  1       
1        0  
 1 1  0 1   
          1 
 1    11 0  
    0 1 0   
   1      0 
  0  1      
---
101 6 2 2 2 0 0 
tab.diff= 5
          
  1    1  
 0 1    1 
    1     
1  0  1  1
   0  0   
       1  
   1     0
1    11   
 00     00
---
63 8 1 3 3 0 0 
tab.diff= 5
0  0   0  
11     1 1
          
    00   1
1        1
   00     
 1     0  
    0    1
0 1   0   
     1  0 
---
61 9 4 2 1 0 0 
tab.diff= 5
 0       0 0
1    1      
        1 10
        1 1 
      1     
   0 0    1 
        0  1
 00   1   10
1  1  1 0   
     0   0  
  11       1
           1
---
91 8 3 7 3 1 0 
tab.diff= 6
0  1 0  1   
      0     
       1  0 
 0  1   1   
           0
    1  0  1 
     0     0
   1 0 11 0 
1        0  
   1       0
1         1 
0  1      0 
---
97 10 4 2 0 1 0 
tab.diff= 6
 0   1 0 1
    00  1 
          
 1       1
          
0   0     
 1 0  1  0
  1  0    
      1 11
0         
---
67 6 3 2 1 0 0 
tab.diff= 5
    0  00 
          
 0    1   
0 11 0 1  
          
     1 0 1
          
1     1 11
1         
  01   0  
---
67 5 4 2 1 0 0 
tab.diff= 5
 1    1    1
0      0 1  
  1 11  1 0 
            
  1   0     
1 0         
      0 0  0
    00   11 
0 01        
       11  0
01 1  1     
    00  0   
---
98 5 1 2 2 1 0 
tab.diff= 6
0  0 1 0  0 
10 0    1   
    0      0
 1 00 1 1   
            
0    0 0 1 1
  1   1    0
  1         
11  1     0 
      00  0 
 0 0 0      
 1    10 1 1
---
91 4 3 3 2 1 0 
tab.diff= 6
 1 0      
10  0 11  
       1  
          
0  00    0
0   1 0   
 1      1 
     0 0  
 1  1     
       0 0
---
67 5 2 1 2 0 0 
tab.diff= 5
  1  11   
   0      
 1   0   1
     00  1
 0        
   0 1    
  1       
         1
   0      
00 0      
---
63 8 3 5 2 0 0 
tab.diff= 5
        00  
11   1     1
  1         
   00 1  11 
    0  1   1
        0 0 
1          1
  1 0 1     
0   0       
 0       0  
0   0 1     
   1  1     
---
98 6 3 3 3 0 0 
tab.diff= 5
 1  0       
0  0 1   0  
0  0     00 
 1    11    
1           
      0    0
        0   
     1      
0  1       0
 1    01    
 1  1     00
     00     
---
98 9 2 5 0 0 0 
tab.diff= 4
11     00 
 1  0 0   
     1   0
 0        
   0      
 0        
 0   00  0
       1  
 0 0     0
   0  0   
---
67 5 4 1 1 0 0 
tab.diff= 5
     1    
      0   
1    1   0
        10
 11 1 1   
    1     
 1    11 1
 11    0  
          
0  0  0 0 
---
67 7 0 0 3 0 0 
tab.diff= 5
      1 0   
1  1       1
 1 1        
    0      1
00    1  1 1
 0     1  0 
     0      
01         0
          1 
     1      
   0  1   0 
 1  1       
---
94 10 5 4 3 0 0 
tab.diff= 5
 1  1    1 1
0  0   1   0
     1      
0        10 
       11  1
  1     0 0 
     1      
  0 11  1  0
01        0 
    0     0 
       1   1
0      1  0 
---
86 7 6 10 1 0 0 
tab.diff= 5
     00   
1  0     1
        11
     1    
  0      1
         1
   1  0   
    0   0 
 11      1
  11 0    
---
63 9 4 2 1 0 0 
tab.diff= 5
00     0  
1  0   0  
      1   
 00       
 11    1  
     0  1 
         0
0      1 0
 1 1  0   
      0   
---
69 4 2 0 1 2 0 
tab.diff= 6
 0     0 0  
  1 00     1
      1    1
  1    0  1 
    1 1   1 
     0  1  0
 1          
        00  
    0     1 
0 1      0  
  1    0  1 
      1     
---
100 7 4 1 2 0 0 
tab.diff= 5
 0  11   1  
 0 0  00   0
1          1
         0  
 0      0   
     1     0
    0       
 1 1      11
  1        1
            
    1  0 01 
1 1    11   
---
83 12 4 11 3 0 0 
tab.diff= 5
01  11    
 1        
         0
0    0    
  1   1   
0    0    
       0 1
          
  0    11 
 10     0 
---
69 6 1 3 1 0 0 
tab.diff= 5
         0
 1     1  
   0 1    
  1  0   1
       00 
11        
  0  1 1  
1       0 
 0    1   
      11  
---
74 3 0 0 1 1 0 
tab.diff= 6
           1
  0       0 
  0  1   0  
1           
  00     0  
      1 0   
0       0   
  0   1     
   0 1    00
 1 0 1      
01     0    
0   1     0 
---
92 8 3 9 3 0 0 
tab.diff= 5
            
 1        00
     00   1 
 0  11 0 0  
 00     10  
    11      
  0   1 1  0
1     1 1   
    0      0
0         1 
0  1     0  
  1 00      
---
97 6 2 3 1 0 1 
tab.diff= 7
 00   0   
  0       
   1  01  
        10
 0       0
0   00 0  
  01  1   
 1        
  0  10 1 
         1
---
69 4 2 0 1 0 0 
tab.diff= 5
     0 0  
   1    0 
1      1 0
       1  
  1  1    
0  0   1 1
0    1  0 
   1      
     11   
 0 1 0   0
---
68 4 0 1 2 0 1 
tab.diff= 7
  1  00  0 0
     0   0  
1  0    1   
11          
        1   
         0  
0 1         
 0          
  0 11    10
 0 00  1    
       1    
 0  00    1 
---
96 8 2 5 2 0 0 
tab.diff= 5
    1  10 1 
  0    0 0  
   0  1   1 
 0       1  
    0   0   
    0     0 
1  1   01   
  11     0 0
1      0    
 1 1  0     
     1   1 1
0  01 0   1 
---
100 6 0 0 1 0 0 
tab.diff= 5
 00       
 11  1   1
   1  1 1 
00  0  1  
          
    1    1
0  0  0   
00        
         1
     1   1
---
57 6 5 5 4 0 0 
tab.diff= 5
       1  
      1  1
 0     0  
  1 1  0  
0    1  1 
0    1    
         0
 00 1  01 
   1   1  
1   1    1
---
63 5 3 1 4 0 0 
tab.diff= 5
  1 0     0 
1       1   
 0  00 0    
     11     
        0  1
  1  1     1
 0        0 
   1      0 
         1  
    0    1  
   1   0  0 
    0     0 
---
98 9 6 1 2 0 0 
tab.diff= 5
          0 
 00 1   1 0 
      1 1   
    0       
      11   0
         1  
 1  00  0  1
  1     00 1
0    0    1 
   0 11    0
1           
11  1       
---
99 4 4 3 1 0 0 
tab.diff= 5
 0 0      
         0
  00 1   0
 1    1   
  0       
        0 
1       1 
   1   0  
1         
1  11 1  1
---
70 4 4 1 0 0 0 
tab.diff= 4
   1  1  1
0        1
   11   0 
     0 0 0
   1      
   1      
 1  0     
0        0
 1 0  1   
     0 0  
---
67 6 4 0 1 0 0 
tab.diff= 5
      1     
 0 1    1  1
 0        0 
1   1       
   0 0  1   
0        0  
  1 10    0 
       1 0  
     0   0 0
1 00    1   
    1       
 00     1 11
---
89 12 6 3 1 0 0 
tab.diff= 5
0   0 1  0  
    1       
0    0    0 
0 0        1
   0   0    
   00   1  1
 0     0 00 
0           
      1 1   
 1     0   0
  1     00  
  1    0   1
---
85 11 7 7 1 0 0 
tab.diff= 5
    11    
0       00
  1    11 
   0      
1      0  
      1   
    0     
 0  11  1 
  1   1  1
        1 
---
71 6 1 0 1 0 0 
tab.diff= 5
  0    1 1
   0  1   
    0    1
   1 1 0 0
          
11 0   0  
0  0      
        1 
  0     1 
 0    0   
---
65 7 3 1 1 1 0 
tab.diff= 6
            
  00 00 1   
 1     0  11
  0         
 0       1  
        0   
0    11    0
      1     
 10  0   1  
 1    00   1
  0  0    0 
   1  11    
---
99 8 1 2 2 0 0 
tab.diff= 5
  1   1   1 
 01    0    
           1
 0  1  00   
   11     0 
  1   1 1   
1  0     0  
  1 1 0 0   
 1         1
   1   0  1 
  0    0  0 
1       1   
---
102 4 1 1 1 0 1 
tab.diff= 7
 1 1  1  1
  0    0  
 1   0 0  
00 1      
         1
  1       
   0    0 
 00 1  1  
          
  1    1  
---
68 4 2 3 1 0 0 
tab.diff= 5
     0  00
1    00   
    1    0
  1       
   0    0 
    0  1  
    0     
 1        
  0     0 
  1 00    
---
61 5 2 6 5 1 0 
tab.diff= 6
  0     1 1 
     0     0
01 0    0   
      01 1  
  1      1 1
10  0 1     
   1 0  10  
            
     0 0 1 0
1 1        0
    1 00    
 1   1     0
---
94 6 1 4 3 0 0 
tab.diff= 5
 00 1 1 1 1 
      1     
   1      1 
1        1  
     00 0   
10  0    1  
00    0 00  
            
 1  00  0   
    11 0 0  
1          1
     1 0 0  
---
100 7 1 0 0 0 0 
tab.diff= 3
    1     
 0  1 0 1 
0     1   
     0   0
  0  0  0 
11 0      
0     0  0
  0       
    0    1
  0   0 0 
---
69 5 1 0 1 0 0 
tab.diff= 5
  10     0
1       11
 1     0  
0 0       
     11   
  0 0     
 0        
   10  0  
      00 0
1 1 1     
---
59 7 5 4 1 0 0 
tab.diff= 5
1 1  0 1    
          0 
 1    0 0   
  0 11      
         00 
   1    1  1
1   01    1 
       11   
0 0         
  00    0  1
    0  1    
 0    1  0 1
---
99 6 2 0 3 0 0 
tab.diff= 5
       11   
00        00
1          0
  0   1     
  0 1       
          0 
     1   1  
0   0   0 0 
0          0
  0     11  
 1 11 1     
     0      
---
103 6 3 3 0 0 0 
tab.diff= 4
  1 1  11 
1    1   0
      0   
1  0 1    
  0   1  1
1   1   00
          
 0  1 00 1
  11  1   
     0    
---
66 6 1 0 0 0 0 
tab.diff= 3
0    0   1
      1   
 1  0  0 1
1    1    
  0   0  1
   1    0 
  11      
 0    10 0
        1 
  0  00   
---
75 0 0 0 0 0 0 
tab.diff= 1
      0  00 
 0 11       
         0 0
 0  1     0 
  0   00 1  
           0
  0 11     0
1  0 0  0   
  0   0     
 1  0  0    
1    1      
 00 0     0 
---
94 9 4 0 2 0 0 
tab.diff= 5
    1 1 1   
  0        0
      1     
        1  1
  1   1    1
00      1   
          1 
  0   0 11 0
0   0       
   1     0  
  01 0    1 
1   1     1 
---
94 7 3 8 1 0 0 
tab.diff= 5
 11   1   
 0      0 
  1 1    1
 00 1     
          
 0 11  0  
    1 1   
 0       0
   1  1 1 
  0     1 
---
66 5 3 0 2 0 0 
tab.diff= 5
     1    
0 0 0   1 
  0       
 1       1
 11     0 
    0 1  0
 11 0  00 
   0    0 
0   0     
          
---
64 8 1 1 3 0 0 
tab.diff= 5
  0       1 
     1     1
0 0     1   
0 1 0  0  1 
       0    
   1        
  0   11    
1           
  11 0    1 
1       0 11
1     11    
           0
---
100 6 5 1 1 0 1 
tab.diff= 7
